 YEAR     JAN     FEB     MAR     APR     MAY     JUN     JUL     AUG     SEP     OCT     NOV     DEC     MAM     JJA     SON     DJF     ANN
 1901   158.1   132.2   246.9   261.5   229.3   185.1    60.7    69.4   163.4   327.0   224.2   169.2   737.7   315.3   714.6   479.5  2227.0
 1902   176.1   134.2   199.4   236.1   266.1    95.0    63.8   152.7   180.6   327.1   239.4   187.1   701.6   311.4   747.1   478.0  2257.7
 1903   142.1   148.8   195.0   234.9   187.1    78.7    95.8   130.9   155.1   336.6   218.4   202.5   617.0   305.4   710.1   452.8  2126.0
 1904   150.0   100.3   214.1   214.6   256.0   114.7    83.8    94.8   137.3   306.6   244.1   171.5   684.7   293.4   687.9   471.5  2087.8
 1905   155.5   144.5   187.3   201.4   302.9    77.7    47.6    78.8   181.2   313.0   269.8   214.0   691.6   204.1   764.0   518.8  2173.6
 1906   146.4   158.4   178.6   203.7   172.0    74.6    48.1    71.3   143.0   275.9   246.2   181.7   554.3   194.0   665.1   515.6  1899.8
 1907   158.3   175.6   185.4   247.4   206.4    73.5    45.6    77.0   130.2   301.3   241.2   134.4   639.2   196.1   672.7   397.0  1976.2
 1908   149.7   113.0   239.3   275.3   164.1    80.3    54.1   242.2   163.7   336.6   255.4   170.4   678.7   376.6   755.6   458.8  2243.9
 1909   142.2   146.2   225.8   223.2   252.4    93.8    60.2   148.5   235.5   340.3   246.0   192.1   701.3   302.4   821.8   439.3  2306.0
 1910   143.0   104.2   193.8   245.1   326.4   216.0    45.4    82.3   309.8   328.9   244.3   144.9   765.3   343.8   883.0   381.5  2384.2
 1911   132.2   104.5   178.3   228.0   191.4    74.4    47.4   101.8   127.7   256.0   241.5   178.0   597.8   223.6   625.2   503.1  1861.3
 1912   194.5   130.6   181.1   250.4   246.2   138.1    69.0   247.7   193.1   370.2   237.7   146.3   677.7   454.7   801.0   414.8  2404.7
 1913   110.9   157.5   183.5   217.8   286.8   150.4    46.4    63.6   114.8   257.9   204.4   125.5   688.1   260.4   577.2   444.7  1919.6
 1914   153.8   165.4   195.0   244.2   150.8    93.6    42.4    77.4   183.7   281.6   255.2   184.4   590.0   213.4   720.5   453.8  2027.5
 1915   143.4   126.0   204.0   228.7   243.5   107.8    72.2    97.2   180.1   340.7   266.7   181.6   676.2   277.2   787.4   459.5  2191.8
 1916   148.4   129.5   202.3   230.7   238.8   108.8    71.9    95.4   178.7   339.3   261.1   183.9   671.9   276.2   779.1   460.7  2189.0
 1917   145.3   131.5   194.9   225.0   227.3   107.5    70.1    98.9   177.8   337.7   267.7   186.9   647.3   276.5   783.2   462.6  2170.7
 1918   150.3   125.5   197.3   229.4   227.7   106.5    72.2    98.4   179.3   335.9   258.1   174.1   654.4   277.0   773.3   449.9  2154.7
 1919   145.8   130.0   195.4   228.1   235.2   105.5    70.4    95.9   180.1   329.8   261.3   174.7   658.6   271.9   771.2   449.5  2152.2
 1920   150.9   123.9   193.2   236.4   231.2   109.9    69.3    99.4   178.3   331.8   258.6   177.7   660.9   278.7   768.6   451.1  2160.6
 1921   149.5   123.9   203.0   229.1   234.8   107.4    69.3    97.6   177.8   329.3   262.8   191.2   666.9   274.4   769.9   469.6  2175.7
 1922   147.4   131.1   196.8   228.4   234.0   109.1    68.8    98.0   179.8   335.6   260.5   185.1   659.2   275.9   775.9   462.1  2174.5
 1923   149.4   127.6   192.9   228.0   229.9   107.5    68.5    98.5   184.3   338.7   257.8   178.5   650.8   274.6   780.8   472.6  2161.8
 1924   163.4   130.7   203.1   233.6   232.2   105.5    69.0    95.7   174.9   338.2   267.9   188.2   669.0   270.2   781.0   453.2  2202.3
 1925   139.8   125.2   195.7   228.1   232.1   110.0    69.2   100.7   176.9   333.8   260.6   184.4   655.9   279.9   771.4   459.7  2156.6
 1926   145.4   129.8   203.3   241.6   238.0   109.2    68.8    98.0   177.0   339.6   277.8   181.7   682.9   275.9   794.4   473.4  2210.2
 1927   151.7   139.9   191.6   236.5   238.3   122.4    78.9    97.6   173.4   341.1   253.8   189.6   666.4   298.8   768.3   491.4  2214.8
 1928   172.6   129.2   202.0   233.1   242.2   117.4    69.9    99.4   189.2   346.2   261.1   198.0   677.3   286.7   796.5   476.0  2260.3
 1929   140.4   137.6   208.5   234.3   241.8   109.8    67.8   105.7   179.1   344.7   258.6   190.9   684.5   283.2   782.4   471.5  2219.1
 1930   153.5   127.2   204.3   239.6   235.0   112.8    65.0    96.4   185.8   339.2   256.2   186.3   678.9   274.2   781.2   455.7  2201.1
 1931   145.0   124.5   195.4   243.0   236.5   122.1    67.8    97.0   178.9   340.4   264.6   184.3   674.8   286.9   783.9   456.3  2199.3
 1932   145.0   127.0   199.3   225.9   234.7   110.6    68.8    96.4   176.2   334.3   259.5   178.2   659.9   275.8   770.0   505.6  2155.9
 1933   165.9   161.5   262.8   220.2   220.2    59.3    43.5    55.4   151.0   452.3   280.9   181.9   703.2   158.2   884.1   406.2  2254.9
 1934   129.0    95.3   204.6   244.2   310.2   366.3    75.3    62.7   191.2   522.2   284.0   187.2   758.9   504.4   997.4   474.1  2672.2
 1935   124.9   162.1   238.1   309.6   225.8    68.4    39.5    67.7   323.4   438.7   213.9   187.5   773.5   175.6   976.0   422.8  2399.5
 1936   122.1   113.2   190.4   252.4   216.3    72.5    39.0    76.1   176.3   314.3   189.9   188.9   659.1   187.5   680.5   477.0  1951.2
 1937   132.1   156.0   172.9   246.0   321.0   279.9    40.0    68.3   110.6   292.2   224.5   148.7   739.9   388.2   627.3   414.0  2192.3
 1938   119.0   146.3   179.0   261.5   207.6    62.7    37.5   126.3   133.1   323.4   275.7   186.0   648.2   226.5   732.2   569.7  2058.1
 1939   167.2   216.5   214.3   185.1   333.8   109.6    37.4    62.2   108.8   277.2   246.4   199.5   733.3   209.2   632.5   473.9  2158.1
 1940   147.3   127.1   186.0   254.3   143.1    68.7    46.8    77.4   111.0   242.7   267.5   204.9   583.4   192.9   621.3   425.6  1876.8
 1941    78.8   141.9   163.0   278.6   328.9    88.3    36.8    61.3   117.1   217.8   169.5   158.3   770.5   186.3   504.3   429.6  1840.1
 1942   125.2   146.1   203.9   202.5   164.4    68.9    56.5    68.2   112.6   276.5   217.9   195.9   570.8   193.5   607.1   503.3  1838.6
 1943   163.3   144.1   221.4   218.7   192.5    56.1    53.3    95.1   132.5   288.7   260.4   168.6   632.6   204.5   681.6   427.3  1994.6
 1944   126.1   132.5   191.7   237.2   270.9    82.8    43.1    76.5   249.1   537.6   239.5   183.1   699.9   202.4  1026.2   492.0  2370.3
 1945   202.5   106.4   181.6   182.6   201.2    64.0    63.4   126.2   196.6   515.3   239.4   185.0   565.3   253.7   951.3   454.9  2264.2
 1946   125.3   144.6   192.6   208.9   150.0    64.8   234.4   179.9   266.2   296.8   264.8   236.5   551.5   479.2   827.8   574.8  2364.9
 1947   171.0   167.3   160.9   223.2   336.4   245.6    51.8   102.2   288.0   404.0   231.2   171.8   720.5   399.6   923.2   488.4  2553.6
 1948   135.9   180.6   189.7   239.2   138.2   209.8   156.7   161.4   170.3   282.6   240.6   171.6   567.2   527.8   693.5   396.3  2276.6
 1949    98.8   125.8   209.2   224.9   230.8   143.1    80.1    75.8   285.9   437.2   236.6   125.9   665.0   299.0   959.7   437.9  2274.3
 1950   161.6   150.4   173.2   233.0   220.0   164.5    35.0   171.3   156.6   465.6   299.5   153.5   626.3   370.8   921.7   481.1  2384.2
 1951   185.1   142.5   226.6   226.2   276.1    62.4    39.2    73.1   181.2   351.5   326.4   180.6   728.9   174.7   859.1   459.7  2271.0
 1952   160.9   118.2   180.2   247.3   262.9    87.4    46.0    65.0   194.4   338.9   227.1   152.8   690.4   198.5   760.4   449.2  2081.2
 1953   135.3   161.1   217.0   199.6   280.2    88.9    50.1    80.1   141.0   243.4   240.1   115.0   696.8   219.1   624.5   383.1  1951.8
 1954   114.0   154.1   214.0   244.1   231.5    63.8    36.7    55.3   165.0   434.0   274.7   168.5   689.7   155.7   873.6   462.3  2155.6
 1955   163.2   130.6   244.5   229.4   371.3    61.1    55.3   113.0   222.7   407.5   318.3   254.1   845.2   229.4   948.6   553.6  2571.1
 1956   172.0   127.5   306.3   262.4   186.4    87.9    51.1    94.4   123.0   321.4   231.4   227.7   755.1   233.4   675.8   557.8  2191.4
 1957   200.0   130.1   241.8   258.9   309.9    75.4    59.5    71.2   140.9   287.3   237.5   233.0   810.7   206.0   665.7   511.4  2245.5
 1958   170.5   107.9   175.3   200.5   127.6    61.0    72.4    64.8   123.9   236.6   275.6   259.6   503.4   198.3   636.1   609.5  1875.7
 1959   198.6   151.3   183.4   206.3   262.6    61.6    70.1    96.8   253.2   423.1   268.3   178.9   652.3   228.5   944.6   450.0  2354.3
 1960   132.3   138.8   214.9   252.8   311.4    97.5    72.9    86.6   329.4   320.3   252.0   291.6   779.1   257.0   901.7   602.6  2500.5
 1961   157.7   153.3   205.6   259.4   160.3    66.2    65.0   105.3   338.4   392.4   282.5   194.0   625.3   236.5  1013.3   538.1  2380.2
 1962   186.1   157.9   239.8   278.0   260.3   192.5    44.5    67.0   178.2   273.9   263.4   253.3   778.2   303.9   715.5   552.3  2394.9
 1963   154.3   144.7   222.4   275.9   350.0   148.1    81.8    62.4   170.5   323.8   265.6   155.9   848.3   292.2   760.0   400.3  2355.3
 1964   122.1   122.4   177.4   233.2   251.2    93.1    75.9    76.9   134.6   280.7   263.7   191.3   661.8   245.8   679.0   468.6  2022.4
 1965   155.7   121.6   195.8   257.0   272.2    93.1    63.9   142.1   143.6   240.7   199.5   162.1   725.0   299.1   583.8   456.2  2047.2
 1966   153.1   141.0   178.5   268.8   286.1   252.1    48.8   115.0   157.2   329.2   267.8   133.3   733.4   415.9   754.2   374.6  2330.8
 1967   130.5   110.8   202.8   258.9   312.8    76.7    43.7    68.0   202.0   389.7   243.1   177.7   774.5   188.4   834.7   497.0  2216.7
 1968   171.9   147.4   216.1   222.0   281.6    71.2    37.8    60.6    97.7   314.1   290.9   136.6   719.7   169.5   702.7   414.2  2047.9
 1969   157.9   119.7   215.6   264.5   188.4    81.9    69.8   104.1   168.1   319.6   275.8   223.0   668.5   255.7   763.5   541.3  2188.3
 1970   171.3   146.9   216.9   275.1   205.7    72.0    52.5   189.9   165.4   319.5   264.2   158.7   697.7   314.4   749.1   419.6  2238.1
 1971   119.1   141.8   229.7   195.1   250.3   124.1    52.8    97.0   227.1   424.0   224.1   120.1   675.1   273.9   875.2   371.4  2205.4
 1972   146.7   104.6   198.3   191.5   201.0    69.1    81.9    57.7   106.7   306.1   263.5   180.9   590.8   208.8   676.3   458.7  1908.1
 1973   152.9   124.9   201.2   198.5   214.3    69.4   170.6    59.0   255.6   425.5   259.0   183.0   613.9   298.9   940.1   419.1  2313.8
 1974   135.5   100.6   169.2   201.3   305.2    95.2    45.0    53.4   130.5   361.3   226.0   149.5   675.8   193.7   717.8   417.0  1972.9
 1975   138.7   128.9   179.5   224.6   247.0   106.5    52.7    84.7   186.4   385.9   287.3   197.0   651.2   243.9   859.6   493.5  2219.3
 1976   146.7   149.8   198.5   262.8   184.9    61.1    48.6    89.6   123.5   309.8   320.6   229.8   646.1   199.3   753.9   547.7  2125.6
 1977   191.8   126.1   163.6   205.0   202.3   103.7    37.3   122.6   355.1   380.9   191.7   133.3   570.9   263.6   927.7   449.2  2213.4
 1978   155.4   160.5   236.6   213.3   143.1    68.7    37.3    82.8   150.4   318.2   205.0   239.7   593.0   188.8   673.5   515.1  2010.7
 1979    99.2   176.2   204.6   294.1   227.4   124.5    68.8    63.5   107.3   232.7   252.8   163.6   726.0   256.9   592.8   401.0  2014.6
 1980   115.2   122.3   204.5   192.4   209.2    56.6    53.6    70.8   197.1   285.9   253.9   136.2   606.1   181.0   736.9   413.4  1897.6
 1981   156.4   120.9   192.0   210.6   133.1    58.1    49.7   108.0   169.3   315.8   277.2   112.1   535.6   215.8   762.3   393.5  1903.1
 1982   168.6   112.8   179.6   158.7   134.4    57.4    57.5    71.2   152.0   270.2   257.0   180.6   472.7   186.1   679.2   398.9  1800.0
 1983   119.3    99.0   161.0   203.5   173.5    67.3    54.2    57.7   141.9   235.1   224.8   219.2   538.0   179.1   601.8   438.5  1756.5
 1984   124.3    95.0   177.2   215.4   242.4   189.4    74.1   261.3   298.5   394.7   251.3   162.7   635.0   524.9   944.5   414.6  2486.4
 1985   155.6    96.3   215.3   227.5   183.8    61.0    62.4    64.4   194.6   472.1   251.3   212.5   626.6   187.8   918.0   462.3  2196.9
 1986   115.6   134.1   227.6   205.3   215.4   108.5    63.0    91.2   115.0   278.3   268.8   160.9   648.3   262.7   662.1   453.8  1983.7
 1987   134.0   158.9   167.4   242.1   189.6    80.5    44.0    88.9   161.8   241.0   271.1   155.0   599.0   213.4   673.9   407.7  1934.3
 1988   151.7   101.0   234.5   266.6   294.4   309.1    81.7   142.1   149.1   413.9   306.3   225.3   795.5   532.9   869.4   434.9  2675.8
 1989   112.6    97.0   179.6   209.1   369.1    68.0    36.9    81.5   172.3   428.5   294.3   164.8   757.8   186.3   895.0   422.0  2213.7
 1990   161.7    95.5   130.7   190.2   321.3    69.6    74.9    87.0   226.9   396.4   247.8   237.9   642.2   231.4   871.1   511.8  2239.9
 1991   142.2   131.7   215.3   215.7   296.0   106.5   145.5    64.9   100.4   259.9   230.5   140.9   727.0   316.9   590.7   343.2  2049.4
 1992   117.1    85.2   196.6   224.6   199.9    60.8    43.4    51.3   182.6   241.5   267.7   165.8   621.1   155.5   691.8   457.5  1836.5
 1993   173.5   118.2   208.3   200.2   218.7    63.5    89.1    68.3   126.3   279.7   296.8   187.2   627.2   220.8   702.8   379.6  2029.6
 1994    99.5    92.9   183.0   205.6   223.2    66.3    94.2    58.6   183.9   383.2   246.4   190.9   611.8   219.1   813.5   441.4  2027.8
 1995   136.7   113.8   209.7   195.6   206.7   116.6    75.0    95.8   177.9   409.3   249.5   198.0   612.0   287.3   836.7   463.7  2184.6
 1996   129.2   136.6   236.3   252.5   310.8    87.8    63.1    57.2   165.3   385.1   310.7   133.5   799.6   208.1   861.1   359.0  2268.1
 1997   123.3   102.2   172.1   257.9   232.5    74.4    95.6   148.3   200.6   255.7   312.3   222.3   662.6   318.2   768.5   475.1  2197.2
 1998   131.4   121.4   192.5   208.9   227.7   237.5    68.6   161.7   274.2   298.8   246.9   173.1   629.1   467.8   819.9   495.7  2342.6
 1999   151.4   171.2   195.0   224.4   260.6    92.3    68.6   276.0   258.2   292.5   267.3   152.6   680.0   436.9   818.0   470.8  2410.1
 2000   176.6   141.6   207.6   191.7   211.8   106.2    84.4   186.4   190.9   348.9   319.4   173.7   611.1   376.9   859.2   465.2  2339.1
 2001   166.6   124.9   191.5   114.9   339.3   365.7   170.1    66.6   194.1   310.8   186.2   136.2   645.7   602.4   691.1   405.9  2366.9
 2002   121.7   148.0   200.2   252.8   283.3   401.4    32.6   147.2   236.8   321.4   260.4   182.0   736.3   581.2   818.6   524.8  2587.7
 2003   203.5   139.3   163.4   195.1   159.0   213.7    71.0    81.4   235.7   343.2   205.2   136.2   517.5   366.1   784.2   405.7  2146.8
 2004   132.8   136.8   155.8   196.9   133.5    71.2    59.4   116.6   360.6   391.5   142.3   207.5   486.2   247.3   894.4   479.5  2104.9
 2005   128.0   143.9   178.5   167.0   122.5    54.3    40.9    63.7   166.2   297.7   251.7   185.4   467.9   159.0   715.6   417.3  1799.9
 2006   130.4   101.4   130.1   245.3   143.4    58.1    72.0    70.5   174.9   285.4   295.5   202.7   518.7   200.6   755.8   464.5  1909.6
 2007   124.6   137.3   202.8   206.3   455.1    82.4   129.9   110.2   360.4   384.2   263.2   222.2   864.1   322.5  1007.8   537.0  2678.6
 2008   165.7   149.1   214.3   208.4   277.0    50.9    33.5   102.3   241.1   422.8   196.2   197.7   699.8   186.6   860.1   474.1  2259.0
 2009   134.8   141.6   191.5   212.8   337.1    95.6    41.7    70.1   127.0   335.0   249.0   190.1   741.4   207.4   711.0   521.7  2126.3
 2010   170.1   161.5   196.4   154.6   111.5    69.9   116.9    62.7   130.9   322.9   212.7   141.6   462.6   249.5   666.6   431.7  1851.8
 2011   145.3   144.8   191.8   198.6   148.9    56.8    43.0    70.0   178.3   483.3   258.3   130.6   539.3   169.8   920.0   441.1  2049.9
 2012   145.3   165.2   197.3   181.7   187.6   164.7    68.0   307.1   256.0   428.9   220.3   174.3   566.7   539.8   905.2   450.1  2496.6
 2013   148.8   127.0   268.0   173.2   202.4    74.9    67.0    97.7   106.7   335.3   235.4   216.1   643.6   239.6   677.4   466.3  2052.5
 2014   148.7   101.5   202.0   213.2   235.1   108.1    53.2    83.5   159.4   281.9   258.3   206.1   650.3   244.9   699.6   490.9  2051.1
 2015   134.8   149.9   180.6   225.6   211.3   111.1    67.0    66.0   113.9   218.5   232.0   178.2   617.5   244.1   564.3   462.4  1888.9
 2016   166.0   118.2   209.4   230.0   204.1   112.0    67.5    97.7   176.3   203.7   255.2   144.5   643.5   277.1   635.2   408.6  1984.6
 2017   140.6   123.5   200.5   232.3   232.8    75.8    67.7    97.8   175.9   341.9   217.3   186.6   665.6   241.3   735.0   538.4  2092.6
 2018   177.5   174.3   210.2   189.7   280.5   107.7   110.1    63.0   246.9   223.9   267.8   204.7   680.3   280.8   738.6   482.3  2256.2
 2019   150.6   127.0   201.5   230.0   233.7   108.7    68.1    99.9   176.6   334.1   261.9   186.8   665.1   276.7   772.7  -999.0  2178.9